アトピアD 洗顔フォーム,0,28332,4799221,2936768,1617,215661,253414,32348,1620964,129659,25254,1399130,2748548,1791688,3690,5539164,2705698,2571973,245383,1275617
ロゼット 洗顔パスタ 海泥スムース,28332,0,718945,4078411,2032,5188073,2906824,2069474,40011,3119151,556714,538282,627384,6744011,2559592,2638,3175117,6142709,2124407,1602981
薬用洗顔フォーム,4799221,718945,0,11964142,0,4804636,3157089,343296,5429042,2352826,4984386,4019882,3816243,4893433,979830,4903815,1735166,5102871,660909,8502026
パーフェクトホイップu,2936768,4078411,11964142,0,2117357,3989446,5241085,322390,753320,6374293,16874371,2088136,8831395,8971197,913857,5779585,11551109,10980213,617109,33793
フェイスポリッシャー R,1617,2032,0,2117357,0,3742217,2459,4994250,5021071,758220,3541642,3530838,4773840,801679,2921,305280,4224635,4015839,5126819,2099214
ミネラルウォッシュ,215661,5188073,4804636,3989446,3742217,0,14877057,309413,2779974,10765448,4735815,4822994,8298814,6817673,877073,194450,2899313,2756019,3436489,32433
オルビスユー ウォッシュ,253414,2906824,3157089,5241085,2459,14877057,0,2819220,6850830,3024188,6648911,17049500,12807331,5064695,4123068,228489,3406847,3238469,3216776,1940213
泡洗顔 ブライトアップ,32348,2069474,343296,322390,4994250,309413,2819220,0,801367,5092848,7989118,258876,10421495,636998,2922326,553216,961957,914413,79235742,36424986
キュレル　泡洗顔料,1620964,40011,5429042,753320,5021071,2779974,6850830,801367,0,844577,2405558,6598968,705039,892985,10506939,8154635,694048,659745,822639,8846108
CLAYGE(クレージュ) クリアウォッシュ,129659,3119151,2352826,6374293,758220,10765448,3024188,5092848,844577,0,5168187,1204887,3990452,2840078,527310,7553332,2734059,5167194,7103144,3820246
ニベア クリームケア洗顔料 しっとり,25254,556714,4984386,16874371,3541642,4735815,6648911,7989118,2405558,5168187,0,1559415,18769056,8779475,758946,2318154,4781635,4545310,8201185,28065
トランシーノ 薬用クリアウォッシュ,1399130,538282,4019882,2088136,3530838,4822994,17049500,258876,6598968,1204887,1559415,0,1954306,1273947,733818,1415727,418073,397410,495532,1381480
カウブランド 無添加うるおい洗顔,2748548,627384,3816243,8831395,4773840,8298814,12807331,10421495,705039,3990452,18769056,1954306,0,4219172,855288,189620,6428528,6110808,10965949,31627
ワフードメイド 酒粕洗顔,1791688,6744011,4893433,8971197,801679,6817673,5064695,636998,892985,2840078,8779475,1273947,4219172,0,557533,439154,4946734,2747895,828491,361675
カウブランド 無添加泡の洗顔料,3690,2559592,979830,913857,2921,877073,4123068,2922326,10506939,527310,758946,733818,855288,557533,0,7649942,4585,4358,2999897,2263587
b.glen(ビーグレン) クレイウォッシュ,5539164,2638,4903815,5779585,305280,194450,228489,553216,8154635,7553332,2318154,1415727,189620,439154,7649942,0,663184,6465703,786057,1714315
エリクシール ルフレ バランシング バブル,2705698,3175117,1735166,11551109,4224635,2899313,3406847,961957,694048,2734059,4781635,418073,6428528,4946734,4585,663184,0,61430275,3981470,546181
エテュセ ジェルムース Ｎ,2571973,6142709,5102871,10980213,4015839,2756019,3238469,914413,659745,5167194,4545310,397410,6110808,2747895,4358,6465703,61430275,0,3784692,519186
ビフェスタ 泡洗顔 モイスト,245383,2124407,660909,617109,5126819,3436489,3216776,79235742,822639,7103144,8201185,495532,10965949,828491,2999897,786057,3981470,3784692,0,30655173
ビフェスタ 泡洗顔 コントロールケア,1275617,1602981,8502026,33793,2099214,32433,1940213,36424986,8846108,3820246,28065,1381480,31627,361675,2263587,1714315,546181,519186,30655173,0
